Thuật toán: Beam Search
Thời gian chạy: 0.017372 giây
Số trạng thái duyệt: 48
Số trạng thái đường đi: 48
Đường đi:

Bước 1:
2 6 5
0 8 7
4 3 1

Bước 2:
2 6 5
4 8 7
0 3 1

Bước 3:
2 6 5
4 8 7
3 0 1

Bước 4:
2 6 5
4 0 7
3 8 1

Bước 5:
2 6 5
4 7 0
3 8 1

Bước 6:
2 6 5
4 7 1
3 8 0

Bước 7:
2 6 5
4 7 1
3 0 8

Bước 8:
2 6 5
4 7 1
0 3 8

Bước 9:
2 6 5
0 7 1
4 3 8

Bước 10:
2 6 5
7 0 1
4 3 8

Bước 11:
2 6 5
7 1 0
4 3 8

Bước 12:
2 6 0
7 1 5
4 3 8

Bước 13:
2 0 6
7 1 5
4 3 8

Bước 14:
0 2 6
7 1 5
4 3 8

Bước 15:
7 2 6
0 1 5
4 3 8

Bước 16:
7 2 6
4 1 5
0 3 8

Bước 17:
7 2 6
4 1 5
3 0 8

Bước 18:
7 2 6
4 1 5
3 8 0

Bước 19:
7 2 6
4 1 0
3 8 5

Bước 20:
7 2 0
4 1 6
3 8 5

Bước 21:
7 0 2
4 1 6
3 8 5

Bước 22:
7 1 2
4 0 6
3 8 5

Bước 23:
7 1 2
0 4 6
3 8 5

Bước 24:
0 1 2
7 4 6
3 8 5

Bước 25:
1 0 2
7 4 6
3 8 5

Bước 26:
1 2 0
7 4 6
3 8 5

Bước 27:
1 2 6
7 4 0
3 8 5

Bước 28:
1 2 6
7 4 5
3 8 0

Bước 29:
1 2 6
7 4 5
3 0 8

Bước 30:
1 2 6
7 4 5
0 3 8

Bước 31:
1 2 6
0 4 5
7 3 8

Bước 32:
1 2 6
4 0 5
7 3 8

Bước 33:
1 2 6
4 5 0
7 3 8

Bước 34:
1 2 0
4 5 6
7 3 8

Bước 35:
1 0 2
4 5 6
7 3 8

Bước 36:
0 1 2
4 5 6
7 3 8

Bước 37:
4 1 2
0 5 6
7 3 8

Bước 38:
4 1 2
5 0 6
7 3 8

Bước 39:
4 1 2
5 3 6
7 0 8

Bước 40:
4 1 2
5 3 6
7 8 0

Bước 41:
4 1 2
5 3 0
7 8 6

Bước 42:
4 1 2
5 0 3
7 8 6

Bước 43:
4 1 2
0 5 3
7 8 6

Bước 44:
0 1 2
4 5 3
7 8 6

Bước 45:
1 0 2
4 5 3
7 8 6

Bước 46:
1 2 0
4 5 3
7 8 6

Bước 47:
1 2 3
4 5 0
7 8 6

Bước 48:
1 2 3
4 5 6
7 8 0
